layout_spectrum: 0.2966957
typography_spectrum: 0.6123412
color:
  saturation: 0.4240928
  lightness: 0.9996092
  brandStrength: 0.9796397
  rhythmicContrast: 0.6265272
